### 模型metrics 没有 paper中说的那么高99.5%+

5.616797506809235 Test loss (%)
98.94076585769653 Test accuracy (%)

98.79207164829344 Kappa accuracy (%)
98.94076655052265 Overall accuracy (%)
97.7772911995645 Average accuracy (%)

                              precision    recall  f1-score   support

                     Alfalfa       1.00      0.97      0.98        32
                 Corn-notill       0.98      0.99      0.99      1000
                Corn-mintill       0.99      1.00      0.99       581
                        Corn       0.99      0.99      0.99       166
               Grass-pasture       0.99      0.97      0.98       338
                 Grass-trees       0.99      0.99      0.99       511
         Grass-pasture-mowed       1.00      0.90      0.95        20
               Hay-windrowed       1.00      1.00      1.00       335
                        Oats       0.93      0.93      0.93        14
              Soybean-notill       0.99      0.99      0.99       680
             Soybean-mintill       0.99      0.99      0.99      1719
               Soybean-clean       0.99      0.96      0.98       415
                       Wheat       0.94      1.00      0.97       143
                       Woods       1.00      1.00      1.00       886
Buildings-Grass-Trees-Drives       1.00      0.98      0.99       270
          Stone-Steel-Towers       0.97      0.98      0.98        65

                    accuracy                           0.99      7175
                   macro avg       0.98      0.98      0.98      7175
                weighted avg       0.99      0.99      0.99      7175

[[  31    0    0    0    0    1    0    0    0    0    0    0    0    0
     0    0]
 [   0  987    4    0    0    0    0    0    0    2    6    0    1    0
     0    0]
 [   0    0  579    0    0    0    0    0    1    0    1    0    0    0
     0    0]
 [   0    0    1  165    0    0    0    0    0    0    0    0    0    0
     0    0]
 [   0    0    0    0  328    0    0    0    0    0    4    0    6    0
     0    0]
 [   0    0    0    0    0  506    0    0    0    0    5    0    0    0
     0    0]
 [   0    0    0    0    0    2   18    0    0    0    0    0    0    0
     0    0]
 [   0    0    0    0    0    0    0  335    0    0    0    0    0    0
     0    0]
 [   0    0    1    0    0    0    0    0   13    0    0    0    0    0
     0    0]
 [   0   10    0    0    0    0    0    0    0  670    0    0    0    0
     0    0]
 [   0    6    1    0    0    2    0    0    0    0 1710    0    0    0
     0    0]
 [   0    0    0    1    2    0    0    0    0    8    0  400    2    0
     0    2]
 [   0    0    0    0    0    0    0    0    0    0    0    0  143    0
     0    0]
 [   0    0    0    0    0    0    0    0    0    0    0    0    0  885
     1    0]
 [   0    0    0    0    1    0    0    0    0    0    0    4    0    0
   265    0]
 [   0    0    0    0    0    0    0    0    0    0    0    1    0    0
     0   64]]
